32082860
31926571
31888890
31885932
31869771
31853038
31801849
31792625
31767611
31763504
31761304
31740365
31732366
31730516
31728831
31713795
31706452
31660487
31660461
31655775
31633303
31626173
31611120
31608813
31585587
31582039
31567442
31563567
31553499
31536471
31526531
31515184
31497143
31482436
31454065
31451980
31449942
31449625
31440899
31414617
31394546
31365983
31327836
31320943
31285934
31280286
31275813
31275482
31270375
31259203
31248449
31235669
31232618
31200053
31200039
31192015
31169811
31149323
31129106
31127532
31113224
31084345
31062567
31062566
31043218
31038477
31033181
31020244
31020224
30983905
30982812
30957570
30950534
30948002
30932441
30920497
30915028
30904955
30866750
30844837
30826233
30808101
30791864
30787570
30771026
30769066
30739593
30739587
30731330
30706611
30698711
30684142
30678834
30648921
30642276
30640867
30624987
30623691
30621953
30621952