30866750
30571430
30560699
30510913
30509889
30500650
30496121
30479680
30477805
30467965
30448113
30431564
30428783
30421267
30417729
30414701
30410519
30402192
30374233
30363186
30343992
30321677
30290190
30279839
30244927
30223725
30217349
30175298
30174912
30166859
30156710
30114972
30090700
30083484
30064124
30045277
30027575
30008782
29988870
29981735
29968847
29954857
29942887
29926082
29904460
29904459
29889158
29883369
29869115
29861130
29803123
29798974
29796733
29787367
29709956
29709948
29709926
29707593
29685252
29680214
29679353
29650771
29650765
29630904
29628950
29568781
29560003
29535868
29534984
29528871
29525759
29483231
29475990
29472380
29459079
29448245
29428268
29421412
29398271
29397961
29390277
29359368
29331613
29317976
29275928
29274451
29203047
29191528
29142493
29108502
29099499
29095703
29068131
29045340
28891472
28657457
28574637
28272662
28056533
27854110